1	    0.325676    0.495588    0.991202    1.569201    2.129872    2.817485    3.354493    3.365695    2.548551    2.339201
10	    0.847485    1.282555    2.076157    3.346190    5.124135    8.085629   11.468827   13.141603   13.572513   14.334151
100	    0.825081    1.180628    1.659496    2.343902    3.261498    4.362000    5.278294    4.935793    3.922654    3.456178
101	    0.825081    1.180628    1.659496    2.343902    3.261498    4.362000    5.278294    4.935793    3.922654    3.456178
102	    0.825081    1.180628    1.659496    2.343902    3.261498    4.362000    5.278294    4.935793    3.922654    3.456178
103	    0.825081    1.180628    1.659496    2.343902    3.261498    4.362000    5.278294    4.935793    3.922654    3.456178
104	    0.825081    1.180628    1.659496    2.343902    3.261498    4.362000    5.278294    4.935793    3.922654    3.456178
105	    0.402721    0.669835    1.278322    2.489864    5.857371   15.694834   21.594070   28.507435   33.822433   33.156593
106	    1.034988    1.664112    3.296447    5.891401    8.015620   20.263159   26.047083   25.436172   11.764416    2.970298
107	    0.438812    0.626543    0.911301    1.261147    1.646194    2.375706    2.784571    2.785904    2.248409    1.718860
108	    0.610968    0.933405    1.574081    2.493891    3.963982   11.229294   15.560700   16.743505   16.394890   16.878317
109	    0.427035    0.598203    0.892012    1.243173    1.612568    2.770431    3.281649    3.295679    2.610829    1.751118
11	    0.848131    1.286904    2.093733    3.392541    5.273503    8.498468   12.185824   14.217175   15.158109   15.913393
110	    1.108448    1.825226    4.195191    6.927420   10.296981   21.706043   31.486940   31.831488   16.937540    5.280501
111	    0.110041    0.187515    0.423274    0.803079    1.021312    5.180128    6.304695    5.343855    2.778764    1.601206
112	    0.451646    0.731186    1.566397    2.850342    4.967290   11.121532   13.833669   13.649844   11.421380   10.060697
113	    0.151792    0.230473    0.480821    0.811466    1.131678    5.039990    6.473236    5.681757    3.018552    1.037848
114	    0.574688    0.887018    1.537984    2.515820    3.619895   11.470441   14.750822   13.778379    9.238139    5.105248
115	    0.825081    1.180628    1.659496    2.343902    3.261498    4.362000    5.278294    4.935793    3.922654    3.456178
116	    0.973361    1.406271    2.031311    2.908409    4.128132    5.744942    7.236524    7.201528    6.293778    6.183470
117	    0.973361    1.406271    2.031311    2.908409    4.128132    5.744942    7.236524    7.201528    6.293778    6.183470
118	    1.288659    1.972570    3.284100    5.244262    7.779241   10.968344   14.380926   16.347885   19.418352   18.404787
119	    0.786398    1.167370    1.724420    2.742088    5.324267   14.314672   20.745937   21.285978   17.987513   15.877460
12	    0.394896    0.576222    0.862454    1.288532    1.884022    2.584729    2.973572    2.954992    2.400360    2.506335
120	    0.677786    1.023672    1.624260    2.829371    5.404486   13.621134   20.453077   21.536713   19.832623   20.121084
121	    0.825081    1.180628    1.659496    2.343902    3.261498    4.362000    5.278294    4.935793    3.922654    3.456178
122	    0.825081    1.180628    1.659496    2.343902    3.261498    4.362000    5.278294    4.935793    3.922654    3.456178
123	    1.001991    1.466497    2.169399    3.150479    4.514899    7.050521    9.500850    9.740453    8.527148    8.864676
124	    1.001991    1.466497    2.169399    3.150479    4.514899    7.050521    9.500850    9.740453    8.527148    8.864676
125	    0.825081    1.180628    1.659496    2.343902    3.261498    4.362000    5.278294    4.935793    3.922654    3.456178
126	    0.929475    1.331157    1.879960    2.654063    3.695291    4.977512    6.068708    5.723696    4.603752    3.953952
127	    0.825081    1.180628    1.659496    2.343902    3.261498    4.362000    5.278294    4.935793    3.922654    3.456178
128	    0.880356    1.347315    2.143341    3.172259    4.862120    7.343441    9.567260    9.944339    8.922665    9.501823
129	    0.880356    1.347315    2.143341    3.172259    4.862120    7.343441    9.567260    9.944339    8.922665    9.501823
13	    0.394896    0.576222    0.862454    1.288532    1.884022    2.584729    2.973572    2.954992    2.400360    2.506335
130	    0.880356    1.347315    2.143341    3.172259    4.862120    7.343441    9.567260    9.944339    8.922665    9.501823
131	    0.781276    1.135198    1.620626    2.326881    3.298099    4.498355    5.587539    5.514965    4.703880    3.906333
132	    0.229888    0.320232    0.508963    0.809866    1.317601    2.117674    2.651448    3.005875    3.115896    3.267466
135	    0.056099    0.075986    0.104508    0.136471    1.220185    2.136088    4.766574    6.321290    7.235040    6.553417
138	    0.141488    0.213022    0.334159    0.519584    0.773811    1.096866    3.506567    4.708729    5.410028    4.981415
139	    0.149681    0.226074    0.351329    0.549744    0.811571    1.142380    3.830188    5.149234    5.907084    5.435964
14	    0.394896    0.576222    0.862454    1.288532    1.884022    2.584729    2.973572    2.954992    2.400360    2.506335
140	    0.144932    0.222124    0.358937    0.665251    1.002035    1.503339    2.222082    3.032307    3.575184    3.408035
141	    0.208094    0.319014    0.511030    0.885452    1.344991    2.018129    2.987284    4.084646    4.825375    4.634744
142	    0.877959    1.348462    2.148499    3.516840    5.432625    8.295584   32.960789   43.977188   50.148273   46.315842
145	    0.208094    0.319014    0.511030    0.885452    1.344991    2.018129    2.987284    4.084646    4.825375    4.634744
147	    0.187561    0.290066    0.485499    0.871074    1.310446    1.967757    2.913425    3.988200    4.716384    4.513817
148	    0.187561    0.290066    0.485499    0.871074    1.310446    1.967757    2.913425    3.988200    4.716384    4.513817
149	    0.206175    0.311093    0.606623    1.363352    2.663044    3.836825    5.452579    7.451283    8.789554    8.481503
15	    0.394896    0.576222    0.862454    1.288532    1.884022    2.584729    2.973572    2.954992    2.400360    2.506335
151	    0.374578    0.552208    0.917856    1.616161    2.451786    3.688205    5.456725    7.467193    8.844227    8.509530
153	    0.374959    0.551655    0.899026    1.517676    2.311026    3.475446    5.142796    7.038195    8.362150    8.051847
154	    0.380343    0.549747    0.879820    1.472640    2.214789    3.322672    4.911739    6.735384    7.959793    7.628558
159	    0.038670    0.053293    0.103272    0.261223    1.663155    3.667189    5.141637    6.880969    8.135948    7.764977
16	    0.450758    0.688244    1.288919    2.816062    5.096877    6.993438    7.991712    7.998322    6.805113    6.923675
163	    0.160480    0.224901    0.344478    0.538908    0.871034    1.982531    3.545728    4.144969    4.467135    4.591547
165	    0.206175    0.311093    0.606623    1.363352    2.663044    3.836825    5.452579    7.451283    8.789554    8.481503
166	    0.206175    0.311093    0.606623    1.363352    2.663044    3.836825    5.452579    7.451283    8.789554    8.481503
169	    0.059769    0.082955    0.119791    0.173878    1.045391    2.083531    4.830071    6.479056    7.350868    6.633992
17	    0.450758    0.688244    1.288919    2.816062    5.096877    6.993438    7.991712    7.998322    6.805113    6.923675
171	    0.060414    0.082991    0.123354    0.198985    1.295553    1.788476    4.313965    5.790070    6.592701    5.983711
173	    0.877959    1.348462    2.148499    3.516840    5.432625    8.295584   32.960789   43.977188   50.148273   46.315842
174	    0.232709    0.322918    0.503366    0.806044    1.279089    2.051320    2.606449    2.972129    3.113541    3.262880
175	    0.222535    0.300434    0.446452    0.661681    0.978207    2.075130    3.600700    4.215167    4.627358    4.740619
176	    0.222535    0.300434    0.446452    0.661681    0.978207    2.075130    3.600700    4.215167    4.627358    4.740619
177	    0.232709    0.322918    0.503366    0.806044    1.279089    2.051320    2.606449    2.972129    3.113541    3.262880
178	    1.054042    1.582084    2.366132    3.598274    5.446115    8.791570   11.796582   13.533530   15.219022   15.651245
179	    0.232709    0.322918    0.503366    0.806044    1.279089    2.051320    2.606449    2.972129    3.113541    3.262880
18	    0.450758    0.688244    1.288919    2.816062    5.096877    6.993438    7.991712    7.998322    6.805113    6.923675
180	    0.222535    0.300434    0.446452    0.661681    0.978207    2.075130    3.600700    4.215167    4.627358    4.740619
182	    0.222535    0.300434    0.446452    0.661681    0.978207    2.075130    3.600700    4.215167    4.627358    4.740619
183	    0.059769    0.082955    0.119791    0.173878    1.045391    2.083531    4.830071    6.479056    7.350868    6.633992
184	    0.060414    0.082991    0.123354    0.198985    1.295553    1.788476    4.313965    5.790070    6.592701    5.983711
186	    0.060414    0.082991    0.123354    0.198985    1.295553    1.788476    4.313965    5.790070    6.592701    5.983711
187	    0.060414    0.082991    0.123354    0.198985    1.295553    1.788476    4.313965    5.790070    6.592701    5.983711
188	    0.060414    0.082991    0.123354    0.198985    1.295553    1.788476    4.313965    5.790070    6.592701    5.983711
189	    0.060414    0.082991    0.123354    0.198985    1.295553    1.788476    4.313965    5.790070    6.592701    5.983711
190	    0.060414    0.082991    0.123354    0.198985    1.295553    1.788476    4.313965    5.790070    6.592701    5.983711
191	    0.060414    0.082991    0.123354    0.198985    1.295553    1.788476    4.313965    5.790070    6.592701    5.983711
192	    0.060414    0.082991    0.123354    0.198985    1.295553    1.788476    4.313965    5.790070    6.592701    5.983711
2	    0.962586    1.440978    2.211696    3.347015    4.770564    6.715779    8.606565    9.119226    8.855408    9.463449
20	    0.875267    1.316347    2.071532    3.262039    4.765230    7.277699    9.868910   10.809345   11.444336   11.942031
205	    0.059769    0.082955    0.119791    0.173878    1.045391    2.083531    4.830071    6.479056    7.350868    6.633992
21	    0.579461    0.862417    1.386767    2.147346    3.082990    4.907938    5.845092    4.382138    1.918535    0.624537
214	    0.059769    0.082955    0.119791    0.173878    1.045391    2.083531    4.830071    6.479056    7.350868    6.633992
215	    0.059769    0.082955    0.119791    0.173878    1.045391    2.083531    4.830071    6.479056    7.350868    6.633992
216	    0.059769    0.082955    0.119791    0.173878    1.045391    2.083531    4.830071    6.479056    7.350868    6.633992
217	    0.059769    0.082955    0.119791    0.173878    1.045391    2.083531    4.830071    6.479056    7.350868    6.633992
219	    0.989998    1.457274    2.170462    3.304211    5.074353    7.683449    9.948517   10.986839   11.659556   12.034675
22	    0.394896    0.576222    0.862454    1.288532    1.884022    2.584729    2.973572    2.954992    2.400360    2.506335
222	    0.199707    0.347627    0.635902    0.998672    1.377255    2.581213    2.974272    2.419997    1.187107    0.324935
223	    0.614084    0.927074    1.539324    2.226815    3.022013    6.211366    6.853438    5.935387    3.408393    2.549301
224	    0.749790    1.094124    1.668237    2.372414    3.255138    5.822630    6.708762    6.682149    5.552039    5.457217
227	    0.755141    1.081666    1.522416    2.111297    2.828879    3.611939    3.887532    3.678848    2.893710    2.597641
23	    0.867771    1.260316    1.875664    2.770909    3.787503    4.877251    5.269898    4.926051    3.859945    3.853450
233	    0.093290    0.128458    0.357821    1.166111    4.557507    6.392099    8.650782   11.430840   13.590772   13.269386
239	    0.299029    0.415138    0.580981    0.926153    2.069134    9.233598   23.954880   32.746082   38.560020   36.748672
242	    0.874228    1.400921    2.570025    4.772182    8.799800   12.516060   17.645226   24.294701   29.400129   29.391098
243	    0.293499    0.433902    0.686330    1.144417    1.926525    5.883715    7.662916    9.457314   11.446353   11.567874
245	    0.401233    0.623848    1.000784    1.693860    3.221278    4.577860    6.330407    8.528703   10.299183   10.279011
25	    0.513107    0.766670    1.266394    2.113316    2.910186    8.868023    9.861280    7.642348    3.815029    4.006757
26	    0.033922    0.030809    0.052643    0.178444    1.847802   34.354778   49.595573   65.208076   72.385681   63.850918
267	    0.330064    0.502439    0.793088    1.314780    2.126913    3.401248    4.191474    4.645337    4.719032    4.996088
268	    0.330064    0.502439    0.793088    1.314780    2.126913    3.401248    4.191474    4.645337    4.719032    4.996088
269	    0.330064    0.502439    0.793088    1.314780    2.126913    3.401248    4.191474    4.645337    4.719032    4.996088
27	    0.082508    0.109375    0.252690    0.729835    4.709978    6.493392    8.676455   11.153924   11.341947    9.147574
270	    0.330064    0.502439    0.793088    1.314780    2.126913    3.401248    4.191474    4.645337    4.719032    4.996088
271	    0.465797    0.697031    1.062639    1.654131    2.520109    4.042923    4.858250    5.257455    5.294344    5.582666
272	    0.465797    0.697031    1.062639    1.654131    2.520109    4.042923    4.858250    5.257455    5.294344    5.582666
274	    0.465797    0.697031    1.062639    1.654131    2.520109    4.042923    4.858250    5.257455    5.294344    5.582666
275	    0.465797    0.697031    1.062639    1.654131    2.520109    4.042923    4.858250    5.257455    5.294344    5.582666
276	    0.465797    0.697031    1.062639    1.654131    2.520109    4.042923    4.858250    5.257455    5.294344    5.582666
277	    0.465797    0.697031    1.062639    1.654131    2.520109    4.042923    4.858250    5.257455    5.294344    5.582666
278	    0.465797    0.697031    1.062639    1.654131    2.520109    4.042923    4.858250    5.257455    5.294344    5.582666
28	    0.847485    1.282555    2.076157    3.346190    5.124135    8.085629   11.468827   13.141603   13.572513   14.334151
280	    0.465797    0.697031    1.062639    1.654131    2.520109    4.042923    4.858250    5.257455    5.294344    5.582666
287	    0.170337    0.227812    1.307809    2.164571    3.616172    8.930534    9.592402    6.979998    3.203681    0.808623
289	    0.840757    1.427677    3.257699    7.651589   11.152225   15.294098   21.414392   21.518957    9.582095    2.286745
29	    0.877959    1.348462    2.148499    3.516840    5.432625    8.295584   32.960789   43.977188   50.148273   46.315842
290	    0.483810    0.767251    1.603598    3.324994    4.640861    5.188017    5.537641    4.066267    1.823954    0.438825
291	    0.773311    1.321733    3.150034    7.697606   11.458435   15.877450   23.075592   23.121778   10.318456    2.460848
292	    0.277952    0.384902    0.665817    1.133148    1.804013    2.839452    3.048497    1.882065    0.668526    0.119353
293	    0.851795    1.424779    3.188473    7.795614   11.309024   15.750250   21.556381   21.522757    9.519243    2.258124
294	    0.600912    0.904965    1.869653    3.329631    4.348151    5.575056    7.168962    5.541112    2.825394    0.821167
3	    0.962586    1.440978    2.211696    3.347015    4.770564    6.715779    8.606565    9.119226    8.855408    9.463449
30	    0.155288    0.215805    0.342887    0.577478    0.905513    1.215403    1.230190    0.850441    0.340541    0.071170
318	    0.281954    0.450480    1.278508    1.773452    2.111116    9.698821   10.431089    7.636775    3.554463    0.907837
319	    1.307834    2.154976    4.743363    8.426058   13.005094   19.048628   28.830761   29.470228   15.460485    4.731274
320	    1.181726    1.943916    4.458621    9.636015   14.745580   21.854296   33.011894   33.732784   18.500340    6.037676
321	    0.690321    1.026128    1.631309    2.562207    3.475291    4.363873    4.494178    3.018693    1.266776    0.282889
322	    0.446424    0.686680    1.208785    2.012928    3.924447    6.043584    7.180259    4.972376    2.138595    0.493492
323	    0.520358    0.747148    1.158199    2.080717    3.462631    7.370379    8.889977    6.305611    2.809309    0.676847
324	    1.307834    2.154976    4.743363    8.426058   13.005094   19.048628   28.830761   29.470228   15.460485    4.731274
325	    0.674588    1.024891    1.929186    3.029110    4.110429    5.243759    6.778152    5.214645    2.682805    0.793161
326	    0.510312    0.796029    1.468083    2.289525    3.151377    3.958970    4.513725    4.034645    2.544613    1.121058
327	    0.320962    0.494139    0.940411    1.573101    2.119238    3.116990    3.735032    3.280754    1.818887    0.594121
328	    0.454587    0.723325    1.267694    2.194849    3.046262    3.827480    4.318624    3.788825    2.437868    2.129773
329	    0.371784    0.603537    1.291323    2.155464    2.782930    9.466104   13.927877   14.035091    6.955994    1.930911
33	    1.225790    1.936110    3.502576    5.765438    8.038421   22.465719   29.825888   29.458925   14.803169    4.240784
331	    0.264455    0.410826    0.701979    1.187652    1.911541    7.539907   10.376851   10.844911    5.180787    1.362849
332	    0.260713    0.478076    1.481448    2.550206    3.287127   12.422806   17.183607   18.445606    9.920599    3.087264
333	    0.386207    0.661150    1.940199    3.462185    4.681296    9.895193   14.914384   15.694931    8.479033    2.669682
334	    0.510312    0.796029    1.468083    2.289525    3.151377    3.958970    4.513725    4.034645    2.544613    1.121058
335	    0.140136    0.269551    0.808661    1.305154    1.754606    4.305988    4.974061    4.353810    2.372863    0.758287
336	    0.140136    0.269551    0.808661    1.305154    1.754606    4.305988    4.974061    4.353810    2.372863    0.758287
337	    0.140136    0.269551    0.808661    1.305154    1.754606    4.305988    4.974061    4.353810    2.372863    0.758287
338	    0.513262    0.792393    1.368365    2.125265    2.966101    3.737904    4.280019    3.882853    2.322527    0.850080
339	    0.289774    0.479313    1.017636    1.863009    2.802097    3.668479    4.503229    5.127532    6.020042    5.630373
34	    0.769511    1.100823    1.542862    2.122880    2.806509    3.491308    3.654992    3.315036    2.314296    1.223633
340	    0.289828    0.446464    0.763797    1.158613    1.569722    2.006271    2.283114    2.062577    1.419520    1.355382
341	    0.489361    0.808635    1.838992    3.179804    4.643579    8.210324   11.015710   11.796123    6.558585    2.138018
342	    0.105927    0.207441    0.474843    0.853188    1.735127    8.810121   11.736898   12.013392    5.560703    1.400334
343	    0.598703    0.941624    1.934929    3.609431    4.714394   16.385233   22.773277   21.902145   10.544921    2.840393
344	    0.428343    0.625337    0.996863    1.528712    1.566514    6.025987    6.451455    4.886845    2.319253    0.603092
345	    0.393558    0.607345    1.107815    1.859902    3.009761    6.328537    8.911351    9.235217    4.243814    1.061545
346	    1.034988    1.664112    3.296447    5.891401    8.015620   20.263159   26.047083   25.436172   11.764416    2.970298
347	    0.640809    1.078941    2.792449    5.042683    6.775434   19.013041   23.999521   23.232895   11.082152    2.947881
348	    1.225790    1.936110    3.502576    5.765438    8.038421   22.465719   29.825888   29.458925   14.803169    4.240784
349	    1.430187    2.308231    4.434053    8.318339   12.822693   20.870478   29.542286   30.035082   16.542744    5.438778
35	    0.579461    0.862417    1.386767    2.147346    3.082990    4.907938    5.845092    4.382138    1.918535    0.624537
350	    0.244395    0.393476    1.184033    1.719370    2.086965    7.995049    7.654016    5.452201    2.357277    0.543301
351	    0.197376    0.268356    0.379674    0.490682    0.491923    2.987461    3.327480    2.419930    1.090387    0.265712
352	    0.256721    0.380558    0.658323    1.054790    1.546224    2.036741    2.464996    2.684878    3.148372    2.943315
353	    0.287689    0.419078    0.644007    0.913527    1.177931    2.363295    3.321065    2.886170    1.517432    0.458664
354	    0.207734    0.294030    0.411282    0.573147    0.664824    2.624523    2.978531    2.176273    0.985163    0.239945
359	    0.493015    0.764755    1.602660    2.928738    4.340034    7.943272   10.438329   10.086814    4.664371    1.170199
36	    0.867771    1.260316    1.875664    2.770909    3.787503    4.877251    5.269898    4.926051    3.859945    3.853450
360	    0.291742    0.410076    0.738069    1.220955    1.520178    2.477806    2.598389    1.909151    0.860667    0.209708
361	    0.776756    1.348685    3.091701    6.209900    9.306046   15.496153   19.440651   18.401560    8.208861    1.981897
362	    0.345819    0.554525    1.131206    2.043908    2.939698    5.189077    6.325636    5.885681    2.530590    0.574853
363	    0.176496    0.258887    0.453166    1.138765    1.431654    1.677700    2.426078    1.865961    0.885392    0.231246
364	    1.103155    1.817569    3.723814    6.985990   10.387414   16.265224   20.791203   19.585011    8.478272    1.958222
365	    0.208983    0.349869    0.783608    1.498036    2.460154    5.180970    6.717760    6.715531    2.898136    0.659647
366	    0.425004    0.655194    1.393654    2.760408    5.243454   15.448359   22.088095   20.594368    7.576140    1.407242
367	    0.347901    0.532131    0.861498    1.691585    2.777932    4.823742    4.591034    2.878993    1.029993    0.184137
368	    0.546148    0.798738    1.228843    1.823406    2.333760    7.394424    8.641380    8.587482    7.348763    7.544963
369	    0.574318    0.817725    1.206360    1.877876    2.860621    8.050999    9.118097    9.219603    8.330718    8.627313
370	    0.574318    0.817725    1.206360    1.877876    2.860621    8.050999    9.118097    9.219603    8.330718    8.627313
371	    0.574318    0.817725    1.206360    1.877876    2.860621    8.050999    9.118097    9.219603    8.330718    8.627313
372	    0.574318    0.817725    1.206360    1.877876    2.860621    8.050999    9.118097    9.219603    8.330718    8.627313
373	    0.854825    1.284110    2.077830    3.172174    5.258993    7.903312    9.527125    9.882656    9.501197    9.811320
374	    0.733879    1.042395    1.523714    2.182475    3.104667    6.076262    7.074010    7.260888    6.629273    6.923719
375	    0.574318    0.817725    1.206360    1.877876    2.860621    8.050999    9.118097    9.219603    8.330718    8.627313
376	    0.574318    0.817725    1.206360    1.877876    2.860621    8.050999    9.118097    9.219603    8.330718    8.627313
377	    0.259363    0.338997    0.514950    0.765748    1.059894    4.429859    5.486845    5.806129    5.344549    5.479302
378	    0.259363    0.338997    0.514950    0.765748    1.059894    4.429859    5.486845    5.806129    5.344549    5.479302
381	    0.332778    0.530505    0.976756    1.528897    3.228416    4.548739    5.980594   14.433036   16.907145   16.159548
382	    0.332778    0.530505    0.976756    1.528897    3.228416    4.548739    5.980594   14.433036   16.907145   16.159548
383	    0.332778    0.530505    0.976756    1.528897    3.228416    4.548739    5.980594   14.433036   16.907145   16.159548
4	    0.962586    1.440978    2.211696    3.347015    4.770564    6.715779    8.606565    9.119226    8.855408    9.463449
42	    0.059769    0.082955    0.119791    0.173878    1.045391    2.083531    4.830071    6.479056    7.350868    6.633992
45	    0.059769    0.082955    0.119791    0.173878    1.045391    2.083531    4.830071    6.479056    7.350868    6.633992
46	    0.060414    0.082991    0.123354    0.198985    1.295553    1.788476    4.313965    5.790070    6.592701    5.983711
47	    0.060414    0.082991    0.123354    0.198985    1.295553    1.788476    4.313965    5.790070    6.592701    5.983711
5	    0.962586    1.440978    2.211696    3.347015    4.770564    6.715779    8.606565    9.119226    8.855408    9.463449
50	    0.059769    0.082955    0.119791    0.173878    1.045391    2.083531    4.830071    6.479056    7.350868    6.633992
6	    0.789389    1.127310    1.574822    2.161455    2.850965    3.538815    3.654459    3.244096    2.171829    1.023333
69	    0.806735    1.239894    2.297597    3.369400    4.939935   12.714367   23.027176   23.002851   10.777020    2.819692
7	    0.847485    1.282555    2.076157    3.346190    5.124135    8.085629   11.468827   13.141603   13.572513   14.334151
70	    0.384772    0.662065    1.854816    3.242469    4.788797    8.226484   10.481692   10.387347    4.797100    1.208808
71	    0.254961    0.391699    0.708025    1.735274    2.251043    2.441328    4.135918    3.284860    1.682323    0.487606
72	    0.946997    1.543131    2.952609    4.675819    6.795251   18.428730   28.116100   27.931221   15.062503    4.791041
73	    0.312547    0.541550    1.532247    3.236149    6.530751   11.758713   15.170749   17.099352   18.951248   19.005640
74	    0.312547    0.541550    1.532247    3.236149    6.530751   11.758713   15.170749   17.099352   18.951248   19.005640
75	    0.312547    0.541550    1.532247    3.236149    6.530751   11.758713   15.170749   17.099352   18.951248   19.005640
76	    0.152916    0.218099    0.366001    0.658200    1.156042    1.576581    1.995737    2.249156    2.327492    2.385567
77	    0.152916    0.218099    0.366001    0.658200    1.156042    1.576581    1.995737    2.249156    2.327492    2.385567
78	    0.152916    0.218099    0.366001    0.658200    1.156042    1.576581    1.995737    2.249156    2.327492    2.385567
79	    0.325676    0.495588    0.991202    1.569201    2.129872    2.817485    3.354493    3.365695    2.548551    2.339201
8	    0.947343    1.381055    2.005960    2.815072    3.698996    4.308798    4.603521    4.141346    2.937751    2.472674
80	    0.325676    0.495588    0.991202    1.569201    2.129872    2.817485    3.354493    3.365695    2.548551    2.339201
81	    0.325676    0.495588    0.991202    1.569201    2.129872    2.817485    3.354493    3.365695    2.548551    2.339201
82	    0.325676    0.495588    0.991202    1.569201    2.129872    2.817485    3.354493    3.365695    2.548551    2.339201
83	    0.297077    0.475780    0.962680    1.622384    2.193923    2.821351    3.274709    3.029029    2.278714    1.278507
84	    0.297077    0.475780    0.962680    1.622384    2.193923    2.821351    3.274709    3.029029    2.278714    1.278507
85	    0.297077    0.475780    0.962680    1.622384    2.193923    2.821351    3.274709    3.029029    2.278714    1.278507
86	    0.297077    0.475780    0.962680    1.622384    2.193923    2.821351    3.274709    3.029029    2.278714    1.278507
87	    0.297077    0.475780    0.962680    1.622384    2.193923    2.821351    3.274709    3.029029    2.278714    1.278507
88	    0.301975    0.467913    0.968614    1.618339    2.212929    2.868135    3.399627    3.312255    2.433273    2.219638
89	    0.301975    0.467913    0.968614    1.618339    2.212929    2.868135    3.399627    3.312255    2.433273    2.219638
9	    0.848131    1.286904    2.093733    3.392541    5.273503    8.498468   12.185824   14.217175   15.158109   15.913393
90	    0.717807    1.173765    2.280842    3.974968    5.688715    7.988209   10.299039   11.371988   13.301348   12.519568
91	    0.717807    1.173765    2.280842    3.974968    5.688715    7.988209   10.299039   11.371988   13.301348   12.519568
92	    0.325676    0.495588    0.991202    1.569201    2.129872    2.817485    3.354493    3.365695    2.548551    2.339201
93	    0.325676    0.495588    0.991202    1.569201    2.129872    2.817485    3.354493    3.365695    2.548551    2.339201
94	    0.325676    0.495588    0.991202    1.569201    2.129872    2.817485    3.354493    3.365695    2.548551    2.339201
95	    0.297077    0.475780    0.962680    1.622384    2.193923    2.821351    3.274709    3.029029    2.278714    1.278507
96	    0.177249    0.254398    0.438193    0.701788    1.000928    1.322169    1.587388    1.556247    0.984972    0.375620
97	    0.325676    0.495588    0.991202    1.569201    2.129872    2.817485    3.354493    3.365695    2.548551    2.339201
98	    0.325676    0.495588    0.991202    1.569201    2.129872    2.817485    3.354493    3.365695    2.548551    2.339201
99	    0.825081    1.180628    1.659496    2.343902    3.261498    4.362000    5.278294    4.935793    3.922654    3.456178
